|theta	|radius	|x	|y	|
|      0|1.370562710|1.370562710|0.000000000|
|      2|1.358118154|1.357290825|0.047397640|
|      4|1.345664486|1.342386515|0.093868809|
|      6|1.333216185|1.325912688|0.139359039|
|      8|1.320787790|1.307933974|0.183818132|
|     10|1.308393880|1.288516437|0.227200213|
|     12|1.296049071|1.267727289|0.269463754|
|     14|1.283768002|1.245634606|0.310571589|
|     16|1.271565322|1.222307038|0.350490903|
|     18|1.259455686|1.197813537|0.389193211|
|     20|1.247453735|1.172223070|0.426654305|
|     22|1.235574095|1.145604352|0.462854202|
|     24|1.223831357|1.118025577|0.497777058|
|     26|1.212240075|1.089554162|0.531411072|
|     28|1.200814746|1.060256489|0.563748375|
|     30|1.189569803|1.030197669|0.594784901|
|     32|1.178519601|0.999441304|0.624520240|
|     34|1.167678405|0.968049271|0.652957478|
|     36|1.157060375|0.936081507|0.680103025|
|     38|1.146679551|0.903595817|0.705966424|
|     40|1.136549837|0.870647687|0.730560153|
|     42|1.126684985|0.837290117|0.753899407|
|     44|1.117098575|0.803573466|0.776001876|
|     46|1.107803997|0.769545319|0.796887506|
|     48|1.098814424|0.735250362|0.816578254|
|     50|1.090142797|0.700730283|0.835097832|
|     52|1.081801791|0.666023686|0.852471444|
|     54|1.073803792|0.631166033|0.868725517|
|     56|1.066160869|0.596189592|0.883887419|
|     58|1.058884740|0.561123422|0.897985187|
|     60|1.051986737|0.525993369|0.911047239|
|     62|1.045477780|0.490822087|0.923102089|
|     64|1.039368328|0.455629086|0.934178065|
|     66|1.033668355|0.420430797|0.944303030|
|     68|1.028387299|0.385240663|0.953504100|
|     70|1.023534032|0.350069256|0.961807377|
|     72|1.019116818|0.314924416|0.969237691|
|     74|1.015143274|0.279811408|0.975818345|
|     76|1.011620331|0.244733108|0.981570884|
|     78|1.008554203|0.209690210|0.986514874|
|     80|1.005950349|0.174681445|0.990667703|
|     82|1.003813445|0.139703830|0.994044401|
|     84|1.002147355|0.104752923|0.996657487|
|     86|1.000955109|0.069823099|0.998516833|
|     88|1.000238887|0.034907834|0.999629568|
|     90|1.000000000|0.000000000|1.000000000|
|     92|1.000238887|-0.034907834|0.999629568|
|     94|1.000955109|-0.069823099|0.998516833|
|     96|1.002147355|-0.104752923|0.996657487|
|     98|1.003813445|-0.139703830|0.994044401|
|    100|1.005950349|-0.174681445|0.990667703|
|    102|1.008554203|-0.209690210|0.986514874|
|    104|1.011620331|-0.244733108|0.981570884|
|    106|1.015143274|-0.279811408|0.975818345|
|    108|1.019116818|-0.314924416|0.969237691|
|    110|1.023534032|-0.350069256|0.961807377|
|    112|1.028387299|-0.385240663|0.953504100|
|    114|1.033668355|-0.420430797|0.944303030|
|    116|1.039368328|-0.455629086|0.934178065|
|    118|1.045477780|-0.490822087|0.923102089|
|    120|1.051986737|-0.525993369|0.911047239|
|    122|1.058884740|-0.561123422|0.897985187|
|    124|1.066160869|-0.596189592|0.883887419|
|    126|1.073803792|-0.631166033|0.868725517|
|    128|1.081801791|-0.666023686|0.852471444|
|    130|1.090142797|-0.700730283|0.835097832|
|    132|1.098814424|-0.735250362|0.816578254|
|    134|1.107803997|-0.769545319|0.796887506|
|    136|1.117098575|-0.803573466|0.776001876|
|    138|1.126684985|-0.837290117|0.753899407|
|    140|1.136549837|-0.870647687|0.730560153|
|    142|1.146679551|-0.903595817|0.705966424|
|    144|1.157060375|-0.936081507|0.680103025|
|    146|1.167678405|-0.968049271|0.652957478|
|    148|1.178519601|-0.999441304|0.624520240|
|    150|1.189569803|-1.030197669|0.594784901|
|    152|1.200814746|-1.060256489|0.563748375|
|    154|1.212240075|-1.089554162|0.531411072|
|    156|1.223831357|-1.118025577|0.497777058|
|    158|1.235574095|-1.145604352|0.462854202|
|    160|1.247453735|-1.172223070|0.426654305|
|    162|1.259455686|-1.197813537|0.389193211|
|    164|1.271565322|-1.222307038|0.350490903|
|    166|1.283768002|-1.245634606|0.310571589|
|    168|1.296049071|-1.267727289|0.269463754|
|    170|1.308393880|-1.288516437|0.227200213|
|    172|1.320787790|-1.307933974|0.183818132|
|    174|1.333216185|-1.325912688|0.139359039|
|    176|1.345664486|-1.342386515|0.093868809|
|    178|1.358118154|-1.357290825|0.047397640|
|    180|1.370562710|-1.370562710|0.000000000|
|    182|1.382983739|-1.382141263|-0.048265436|
|    184|1.395366906|-1.391967862|-0.097335875|
|    186|1.407697964|-1.399986447|-0.147144505|
|    188|1.419962767|-1.406143787|-0.197620622|
|    190|1.432147284|-1.410389749|-0.248689766|
|    192|1.444237606|-1.412677550|-0.300273883|
|    194|1.456219962|-1.412964006|-0.352291494|
|    196|1.468080730|-1.411209772|-0.404657890|
|    198|1.479806446|-1.407379563|-0.457285340|
|    200|1.491383822|-1.401442372|-0.510083309|
|    202|1.502799754|-1.393371669|-0.562958696|
|    204|1.514041336|-1.383145585|-0.615816091|
|    206|1.525095872|-1.370747090|-0.668558026|
|    208|1.535950887|-1.356164138|-0.721085263|
|    210|1.546594140|-1.339389815|-0.773297070|
|    212|1.557013640|-1.320422453|-0.825091523|
|    214|1.567197651|-1.299265736|-0.876365805|
|    216|1.577134707|-1.275928781|-0.927016522|
|    218|1.586813628|-1.250426203|-0.976940019|
|    220|1.596223525|-1.222778161|-1.026032704|
|    222|1.605353814|-1.193010380|-1.074191371|
|    224|1.614194230|-1.161154155|-1.121313533|
|    226|1.622734832|-1.127246334|-1.167297750|
|    228|1.630966019|-1.091329281|-1.212043958|
|    230|1.638878539|-1.053450819|-1.255453798|
|    232|1.646463498|-1.013664146|-1.297430942|
|    234|1.653712370|-0.972027742|-1.337881411|
|    236|1.660617005|-0.928605245|-1.376713891|
|    238|1.667169644|-0.883465311|-1.413840042|
|    240|1.673362919|-0.836681459|-1.449174797|
|    242|1.679189867|-0.788331891|-1.482636651|
|    244|1.684643938|-0.738499295|-1.514147942|
|    246|1.689718999|-0.687270633|-1.543635116|
|    248|1.694409343|-0.634736912|-1.571028986|
|    250|1.698709695|-0.580992933|-1.596264965|
|    252|1.702615219|-0.526137037|-1.619283299|
|    254|1.706121522|-0.470270825|-1.640029268|
|    256|1.709224660|-0.413498870|-1.658453383|
|    258|1.711921143|-0.355928419|-1.674511559|
|    260|1.714207937|-0.297669084|-1.688165266|
|    262|1.716082469|-0.238832519|-1.699381672|
|    264|1.717542630|-0.179532092|-1.708133751|
|    266|1.718586777|-0.119882553|-1.714400386|
|    268|1.719213736|-0.059999694|-1.718166437|
|    270|1.719422800|-0.000000000|-1.719422800|
|    272|1.719213736|0.059999694|-1.718166437|
|    274|1.718586777|0.119882553|-1.714400386|
|    276|1.717542630|0.179532092|-1.708133751|
|    278|1.716082469|0.238832519|-1.699381672|
|    280|1.714207937|0.297669084|-1.688165266|
|    282|1.711921143|0.355928419|-1.674511559|
|    284|1.709224660|0.413498870|-1.658453383|
|    286|1.706121522|0.470270825|-1.640029268|
|    288|1.702615219|0.526137037|-1.619283299|
|    290|1.698709695|0.580992933|-1.596264965|
|    292|1.694409343|0.634736912|-1.571028986|
|    294|1.689718999|0.687270633|-1.543635116|
|    296|1.684643938|0.738499295|-1.514147942|
|    298|1.679189867|0.788331891|-1.482636651|
|    300|1.673362919|0.836681459|-1.449174797|
|    302|1.667169644|0.883465311|-1.413840042|
|    304|1.660617005|0.928605245|-1.376713891|
|    306|1.653712370|0.972027742|-1.337881411|
|    308|1.646463498|1.013664146|-1.297430942|
|    310|1.638878539|1.053450819|-1.255453798|
|    312|1.630966019|1.091329281|-1.212043958|
|    314|1.622734832|1.127246334|-1.167297750|
|    316|1.614194230|1.161154155|-1.121313533|
|    318|1.605353814|1.193010380|-1.074191371|
|    320|1.596223525|1.222778161|-1.026032704|
|    322|1.586813628|1.250426203|-0.976940019|
|    324|1.577134707|1.275928781|-0.927016522|
|    326|1.567197651|1.299265736|-0.876365805|
|    328|1.557013640|1.320422453|-0.825091523|
|    330|1.546594140|1.339389815|-0.773297070|
|    332|1.535950887|1.356164138|-0.721085263|
|    334|1.525095872|1.370747090|-0.668558026|
|    336|1.514041336|1.383145585|-0.615816091|
|    338|1.502799754|1.393371669|-0.562958696|
|    340|1.491383822|1.401442372|-0.510083309|
|    342|1.479806446|1.407379563|-0.457285340|
|    344|1.468080730|1.411209772|-0.404657890|
|    346|1.456219962|1.412964006|-0.352291494|
|    348|1.444237606|1.412677550|-0.300273883|
|    350|1.432147284|1.410389749|-0.248689766|
|    352|1.419962767|1.406143787|-0.197620622|
|    354|1.407697964|1.399986447|-0.147144505|
|    356|1.395366906|1.391967862|-0.097335875|
|    358|1.382983739|1.382141263|-0.048265436|
|    360|1.370562710|1.370562710|-0.000000000|
