|theta	|radius	|x	|y	|
|      0|2.285591091|2.285591091|0.000000000|
|      2|2.226373303|2.225017057|0.077699308|
|      4|2.168052338|2.162771071|0.151235686|
|      6|2.110725187|2.099162414|0.220630860|
|      8|2.054484084|2.034489986|0.285928921|
|     10|1.999415922|1.969040302|0.347194931|
|     12|1.945601709|1.903085643|0.404513341|
|     14|1.893116050|1.836882413|0.457986223|
|     16|1.842026707|1.770669716|0.507731371|
|     18|1.792394207|1.704668191|0.553880271|
|     20|1.744271550|1.639079105|0.596576006|
|     22|1.697704001|1.574083739|0.635971112|
|     24|1.652728983|1.509843055|0.672225438|
|     26|1.609376085|1.446497644|0.705504040|
|     28|1.567667166|1.384167951|0.735975154|
|     30|1.527616570|1.322954757|0.763808285|
|     32|1.489231440|1.262939888|0.789172429|
|     34|1.452512122|1.204187124|0.812234471|
|     36|1.417452645|1.146743279|0.833157761|
|     38|1.384041266|1.090639401|0.852100888|
|     40|1.352261066|1.035892075|0.869216658|
|     42|1.322090576|0.982504770|0.884651269|
|     44|1.293504421|0.930469212|0.898543673|
|     46|1.266473972|0.879766746|0.911025134|
|     48|1.240967978|0.830369655|0.922218931|
|     50|1.216953184|0.782242428|0.932240224|
|     52|1.194394918|0.735342937|0.941196040|
|     54|1.173257635|0.689623535|0.949185366|
|     56|1.153505422|0.645032046|0.956299335|
|     58|1.135102454|0.601512657|0.962621475|
|     60|1.118013407|0.559006704|0.968228013|
|     62|1.102203822|0.517453351|0.973188212|
|     64|1.087640419|0.476790178|0.977564733|
|     66|1.074291374|0.436953667|0.981414005|
|     68|1.062126554|0.397879610|0.984786592|
|     70|1.051117714|0.359503431|0.987727560|
|     72|1.041238663|0.321760442|0.990276816|
|     74|1.032465399|0.284586032|0.992469440|
|     76|1.024776219|0.247915806|0.994335986|
|     78|1.018151813|0.211685665|0.995902753|
|     80|1.012575327|0.175831860|0.997192032|
|     82|1.008032424|0.140290998|0.998222322|
|     84|1.004511324|0.105000025|0.999008506|
|     86|1.002002836|0.069896185|0.999562007|
|     88|1.000500379|0.034916960|0.999890901|
|     90|1.000000000|0.000000000|1.000000000|
|     92|1.000500379|-0.034916960|0.999890901|
|     94|1.002002836|-0.069896185|0.999562007|
|     96|1.004511324|-0.105000025|0.999008506|
|     98|1.008032424|-0.140290998|0.998222322|
|    100|1.012575327|-0.175831860|0.997192032|
|    102|1.018151813|-0.211685665|0.995902753|
|    104|1.024776219|-0.247915806|0.994335986|
|    106|1.032465399|-0.284586032|0.992469440|
|    108|1.041238663|-0.321760442|0.990276816|
|    110|1.051117714|-0.359503431|0.987727560|
|    112|1.062126554|-0.397879610|0.984786592|
|    114|1.074291374|-0.436953667|0.981414005|
|    116|1.087640419|-0.476790178|0.977564733|
|    118|1.102203822|-0.517453351|0.973188212|
|    120|1.118013407|-0.559006704|0.968228013|
|    122|1.135102454|-0.601512657|0.962621475|
|    124|1.153505422|-0.645032046|0.956299335|
|    126|1.173257635|-0.689623535|0.949185366|
|    128|1.194394918|-0.735342937|0.941196040|
|    130|1.216953184|-0.782242428|0.932240224|
|    132|1.240967978|-0.830369655|0.922218931|
|    134|1.266473972|-0.879766746|0.911025134|
|    136|1.293504421|-0.930469212|0.898543673|
|    138|1.322090576|-0.982504770|0.884651269|
|    140|1.352261066|-1.035892075|0.869216658|
|    142|1.384041266|-1.090639401|0.852100888|
|    144|1.417452645|-1.146743279|0.833157761|
|    146|1.452512122|-1.204187124|0.812234471|
|    148|1.489231440|-1.262939888|0.789172429|
|    150|1.527616570|-1.322954757|0.763808285|
|    152|1.567667166|-1.384167951|0.735975154|
|    154|1.609376085|-1.446497644|0.705504040|
|    156|1.652728983|-1.509843055|0.672225438|
|    158|1.697704001|-1.574083739|0.635971112|
|    160|1.744271550|-1.639079105|0.596576006|
|    162|1.792394207|-1.704668191|0.553880271|
|    164|1.842026707|-1.770669716|0.507731371|
|    166|1.893116050|-1.836882413|0.457986223|
|    168|1.945601709|-1.903085643|0.404513341|
|    170|1.999415922|-1.969040302|0.347194931|
|    172|2.054484084|-2.034489986|0.285928921|
|    174|2.110725187|-2.099162414|0.220630860|
|    176|2.168052338|-2.162771071|0.151235686|
|    178|2.226373303|-2.225017057|0.077699308|
|    180|2.285591091|-2.285591091|0.000000000|
|    182|2.345604545|-2.344175666|-0.081860418|
|    184|2.406308940|-2.400447292|-0.167855626|
|    186|2.467596575|-2.454078822|-0.257934078|
|    188|2.529357344|-2.504741813|-0.352018505|
|    190|2.591479293|-2.552108899|-0.450005657|
|    192|2.653849133|-2.595856162|-0.551766260|
|    194|2.716352741|-2.635665456|-0.657145204|
|    196|2.778875609|-2.671226681|-0.765961925|
|    198|2.841303269|-2.702239989|-0.878010996|
|    200|2.903521676|-2.728417893|-0.993062900|
|    202|2.965417562|-2.749487286|-1.110864971|
|    204|3.026878755|-2.765191337|-1.231142504|
|    206|3.087794461|-2.775291278|-1.353599999|
|    208|3.148055531|-2.779568053|-1.477922550|
|    210|3.207554688|-2.777823844|-1.603777344|
|    212|3.266186736|-2.769883443|-1.730815272|
|    214|3.323848747|-2.755595497|-1.858672632|
|    216|3.380440230|-2.734833594|-1.986972913|
|    218|3.435863276|-2.707497209|-2.115328654|
|    220|3.490022699|-2.673512495|-2.243343348|
|    222|3.542826151|-2.632832921|-2.370613410|
|    224|3.594184234|-2.585439770|-2.496730163|
|    226|3.644010601|-2.531342466|-2.621281858|
|    228|3.692222037|-2.470578771|-2.743855702|
|    230|3.738738552|-2.403214817|-2.864039892|
|    232|3.783483446|-2.329345000|-2.981425642|
|    234|3.826383380|-2.249091720|-3.095609181|
|    236|3.867368439|-2.162604986|-3.206193743|
|    238|3.906372189|-2.070061876|-3.312791498|
|    240|3.943331728|-1.971665864|-3.415025452|
|    242|3.978187738|-1.867646014|-3.512531287|
|    244|4.010884525|-1.758256049|-3.604959131|
|    246|4.041370064|-1.643773293|-3.691975265|
|    248|4.069596036|-1.524497508|-3.773263740|
|    250|4.095517862|-1.400749606|-3.848527913|
|    252|4.119094734|-1.272870274|-3.917491888|
|    254|4.140289646|-1.141218490|-3.979901847|
|    256|4.159069418|-1.006169957|-4.035527281|
|    258|4.175404718|-0.868115455|-4.084162107|
|    260|4.189270087|-0.727459116|-4.125625661|
|    262|4.200643950|-0.584616645|-4.159763572|
|    264|4.209508637|-0.440013469|-4.186448508|
|    266|4.215850390|-0.294082857|-4.205580791|
|    268|4.219659378|-0.147263989|-4.217088875|
|    270|4.220929696|-0.000000000|-4.220929696|
|    272|4.219659378|0.147263989|-4.217088875|
|    274|4.215850390|0.294082857|-4.205580791|
|    276|4.209508637|0.440013469|-4.186448508|
|    278|4.200643950|0.584616645|-4.159763572|
|    280|4.189270087|0.727459116|-4.125625661|
|    282|4.175404718|0.868115455|-4.084162107|
|    284|4.159069418|1.006169957|-4.035527281|
|    286|4.140289646|1.141218490|-3.979901847|
|    288|4.119094734|1.272870274|-3.917491888|
|    290|4.095517862|1.400749606|-3.848527913|
|    292|4.069596036|1.524497508|-3.773263740|
|    294|4.041370064|1.643773293|-3.691975265|
|    296|4.010884525|1.758256049|-3.604959131|
|    298|3.978187738|1.867646014|-3.512531287|
|    300|3.943331728|1.971665864|-3.415025452|
|    302|3.906372189|2.070061876|-3.312791498|
|    304|3.867368439|2.162604986|-3.206193743|
|    306|3.826383380|2.249091720|-3.095609181|
|    308|3.783483446|2.329345000|-2.981425642|
|    310|3.738738552|2.403214817|-2.864039892|
|    312|3.692222037|2.470578771|-2.743855702|
|    314|3.644010601|2.531342466|-2.621281858|
|    316|3.594184234|2.585439770|-2.496730163|
|    318|3.542826151|2.632832921|-2.370613410|
|    320|3.490022699|2.673512495|-2.243343348|
|    322|3.435863276|2.707497209|-2.115328654|
|    324|3.380440230|2.734833594|-1.986972913|
|    326|3.323848747|2.755595497|-1.858672632|
|    328|3.266186736|2.769883443|-1.730815272|
|    330|3.207554688|2.777823844|-1.603777344|
|    332|3.148055531|2.779568053|-1.477922550|
|    334|3.087794461|2.775291278|-1.353599999|
|    336|3.026878755|2.765191337|-1.231142504|
|    338|2.965417562|2.749487286|-1.110864971|
|    340|2.903521676|2.728417893|-0.993062900|
|    342|2.841303269|2.702239989|-0.878010996|
|    344|2.778875609|2.671226681|-0.765961925|
|    346|2.716352741|2.635665456|-0.657145204|
|    348|2.653849133|2.595856162|-0.551766260|
|    350|2.591479293|2.552108899|-0.450005657|
|    352|2.529357344|2.504741813|-0.352018505|
|    354|2.467596575|2.454078822|-0.257934078|
|    356|2.406308940|2.400447292|-0.167855626|
|    358|2.345604545|2.344175666|-0.081860418|
|    360|2.285591091|2.285591091|-0.000000000|
