|theta	|radius	|x	|y	|
|      0|1.162350206|1.162350206|0.000000000|
|      2|1.157050941|1.156346097|0.040380496|
|      4|1.151737961|1.148932385|0.080341179|
|      6|1.146417332|1.140137138|0.119833242|
|      8|1.141095195|1.129990135|0.158809757|
|     10|1.135777757|1.118522741|0.197225738|
|     12|1.130471290|1.105767780|0.235038197|
|     14|1.125182126|1.091759408|0.272206193|
|     16|1.119916656|1.076532984|0.308690866|
|     18|1.114681324|1.060124937|0.344455472|
|     20|1.109482622|1.042572633|0.379465405|
|     22|1.104327088|1.023914246|0.413688209|
|     24|1.099221299|1.004188625|0.447093581|
|     26|1.094171866|0.983435159|0.479653376|
|     28|1.089185429|0.961693652|0.511341585|
|     30|1.084268648|0.939004193|0.542134324|
|     32|1.079428200|0.915407030|0.572009797|
|     34|1.074670767|0.890942444|0.600948267|
|     36|1.070003033|0.865650637|0.628932002|
|     38|1.065431666|0.839571610|0.655945231|
|     40|1.060963316|0.812745053|0.681974074|
|     42|1.056604602|0.785210243|0.707006478|
|     44|1.052362098|0.757005941|0.731032140|
|     46|1.048242319|0.728170301|0.754042420|
|     48|1.044251711|0.698740781|0.776030256|
|     50|1.040396635|0.668754066|0.796990061|
|     52|1.036683346|0.638245998|0.816917625|
|     54|1.033117983|0.607251514|0.835810005|
|     56|1.029706546|0.575804593|0.853665415|
|     58|1.026454879|0.543938214|0.870483106|
|     60|1.023368650|0.511684325|0.886263249|
|     62|1.020453331|0.479073820|0.901006812|
|     64|1.017714173|0.446136529|0.914715439|
|     66|1.015156192|0.412901222|0.927391328|
|     68|1.012784140|0.379395617|0.939037103|
|     70|1.010602490|0.345646409|0.949655703|
|     72|1.008615409|0.311679302|0.959250257|
|     74|1.006826740|0.277519060|0.967823979|
|     76|1.005239982|0.243189562|0.975380059|
|     78|1.003858274|0.208713871|0.981921562|
|     80|1.002684370|0.174114314|0.987451342|
|     82|1.001720633|0.139412567|0.991971957|
|     84|1.000969013|0.104629753|0.995485600|
|     86|1.000431041|0.069786542|0.997994041|
|     88|1.000107816|0.034903259|0.999498577|
|     90|1.000000000|0.000000000|1.000000000|
|     92|1.000107816|-0.034903259|0.999498577|
|     94|1.000431041|-0.069786542|0.997994041|
|     96|1.000969013|-0.104629753|0.995485600|
|     98|1.001720633|-0.139412567|0.991971957|
|    100|1.002684370|-0.174114314|0.987451342|
|    102|1.003858274|-0.208713871|0.981921562|
|    104|1.005239982|-0.243189562|0.975380059|
|    106|1.006826740|-0.277519060|0.967823979|
|    108|1.008615409|-0.311679302|0.959250257|
|    110|1.010602490|-0.345646409|0.949655703|
|    112|1.012784140|-0.379395617|0.939037103|
|    114|1.015156192|-0.412901222|0.927391328|
|    116|1.017714173|-0.446136529|0.914715439|
|    118|1.020453331|-0.479073820|0.901006812|
|    120|1.023368650|-0.511684325|0.886263249|
|    122|1.026454879|-0.543938214|0.870483106|
|    124|1.029706546|-0.575804593|0.853665415|
|    126|1.033117983|-0.607251514|0.835810005|
|    128|1.036683346|-0.638245998|0.816917625|
|    130|1.040396635|-0.668754066|0.796990061|
|    132|1.044251711|-0.698740781|0.776030256|
|    134|1.048242319|-0.728170301|0.754042420|
|    136|1.052362098|-0.757005941|0.731032140|
|    138|1.056604602|-0.785210243|0.707006478|
|    140|1.060963316|-0.812745053|0.681974074|
|    142|1.065431666|-0.839571610|0.655945231|
|    144|1.070003033|-0.865650637|0.628932002|
|    146|1.074670767|-0.890942444|0.600948267|
|    148|1.079428200|-0.915407030|0.572009797|
|    150|1.084268648|-0.939004193|0.542134324|
|    152|1.089185429|-0.961693652|0.511341585|
|    154|1.094171866|-0.983435159|0.479653376|
|    156|1.099221299|-1.004188625|0.447093581|
|    158|1.104327088|-1.023914246|0.413688209|
|    160|1.109482622|-1.042572633|0.379465405|
|    162|1.114681324|-1.060124937|0.344455472|
|    164|1.119916656|-1.076532984|0.308690866|
|    166|1.125182126|-1.091759408|0.272206193|
|    168|1.130471290|-1.105767780|0.235038197|
|    170|1.135777757|-1.118522741|0.197225738|
|    172|1.141095195|-1.129990135|0.158809757|
|    174|1.146417332|-1.140137138|0.119833242|
|    176|1.151737961|-1.148932385|0.080341179|
|    178|1.157050941|-1.156346097|0.040380496|
|    180|1.162350206|-1.162350206|0.000000000|
|    182|1.167629760|-1.166918471|-0.040749691|
|    184|1.172883686|-1.170026600|-0.081816230|
|    186|1.178106147|-1.171652358|-0.123145625|
|    188|1.183291388|-1.171775677|-0.164682332|
|    190|1.188433740|-1.170378761|-0.206369353|
|    192|1.193527623|-1.167446181|-0.248148346|
|    194|1.198567546|-1.162964967|-0.289959733|
|    196|1.203548113|-1.156924700|-0.331742819|
|    198|1.208464025|-1.149317586|-0.373435921|
|    200|1.213310081|-1.140138530|-0.414976488|
|    202|1.218081182|-1.129385206|-0.456301242|
|    204|1.222772335|-1.117058112|-0.497346315|
|    206|1.227378651|-1.103160624|-0.538047387|
|    208|1.231895354|-1.087699037|-0.578339837|
|    210|1.236317779|-1.070682604|-0.618158889|
|    212|1.240641376|-1.052123557|-0.657439765|
|    214|1.244861716|-1.032037135|-0.696117837|
|    216|1.248974485|-1.010441584|-0.734128783|
|    218|1.252975498|-0.987358166|-0.771408744|
|    220|1.256860692|-0.962811149|-0.807894480|
|    222|1.260626134|-0.936827788|-0.843523529|
|    224|1.264268021|-0.909438306|-0.878234364|
|    226|1.267782686|-0.880675855|-0.911966544|
|    228|1.271166595|-0.850576475|-0.944660877|
|    230|1.274416353|-0.819179042|-0.976259566|
|    232|1.277528708|-0.786525209|-1.006706360|
|    234|1.280500547|-0.752659337|-1.035946704|
|    236|1.283328906|-0.717628417|-1.063927881|
|    238|1.286010966|-0.681481985|-1.090599151|
|    240|1.288544058|-0.644272029|-1.115911888|
|    242|1.290925664|-0.606052889|-1.139819708|
|    244|1.293153421|-0.566881148|-1.162278596|
|    246|1.295225119|-0.526815517|-1.183247024|
|    248|1.297138705|-0.485916712|-1.202686065|
|    250|1.298892285|-0.444247326|-1.220559496|
|    252|1.300484125|-0.401871695|-1.236833901|
|    254|1.301912650|-0.358855760|-1.251478762|
|    256|1.303176449|-0.315266917|-1.264466539|
|    258|1.304274274|-0.271173870|-1.275772752|
|    260|1.305205042|-0.226646477|-1.285376045|
|    262|1.305967835|-0.181755593|-1.293258246|
|    264|1.306561899|-0.136572907|-1.299404416|
|    266|1.306986650|-0.091170780|-1.303802896|
|    268|1.307241668|-0.045622076|-1.306445331|
|    270|1.307326702|-0.000000000|-1.307326702|
|    272|1.307241668|0.045622076|-1.306445331|
|    274|1.306986650|0.091170780|-1.303802896|
|    276|1.306561899|0.136572907|-1.299404416|
|    278|1.305967835|0.181755593|-1.293258246|
|    280|1.305205042|0.226646477|-1.285376045|
|    282|1.304274274|0.271173870|-1.275772752|
|    284|1.303176449|0.315266917|-1.264466539|
|    286|1.301912650|0.358855760|-1.251478762|
|    288|1.300484125|0.401871695|-1.236833901|
|    290|1.298892285|0.444247326|-1.220559496|
|    292|1.297138705|0.485916712|-1.202686065|
|    294|1.295225119|0.526815517|-1.183247024|
|    296|1.293153421|0.566881148|-1.162278596|
|    298|1.290925664|0.606052889|-1.139819708|
|    300|1.288544058|0.644272029|-1.115911888|
|    302|1.286010966|0.681481985|-1.090599151|
|    304|1.283328906|0.717628417|-1.063927881|
|    306|1.280500547|0.752659337|-1.035946704|
|    308|1.277528708|0.786525209|-1.006706360|
|    310|1.274416353|0.819179042|-0.976259566|
|    312|1.271166595|0.850576475|-0.944660877|
|    314|1.267782686|0.880675855|-0.911966544|
|    316|1.264268021|0.909438306|-0.878234364|
|    318|1.260626134|0.936827788|-0.843523529|
|    320|1.256860692|0.962811149|-0.807894480|
|    322|1.252975498|0.987358166|-0.771408744|
|    324|1.248974485|1.010441584|-0.734128783|
|    326|1.244861716|1.032037135|-0.696117837|
|    328|1.240641376|1.052123557|-0.657439765|
|    330|1.236317779|1.070682604|-0.618158889|
|    332|1.231895354|1.087699037|-0.578339837|
|    334|1.227378651|1.103160624|-0.538047387|
|    336|1.222772335|1.117058112|-0.497346315|
|    338|1.218081182|1.129385206|-0.456301242|
|    340|1.213310081|1.140138530|-0.414976488|
|    342|1.208464025|1.149317586|-0.373435921|
|    344|1.203548113|1.156924700|-0.331742819|
|    346|1.198567546|1.162964967|-0.289959733|
|    348|1.193527623|1.167446181|-0.248148346|
|    350|1.188433740|1.170378761|-0.206369353|
|    352|1.183291388|1.171775677|-0.164682332|
|    354|1.178106147|1.171652358|-0.123145625|
|    356|1.172883686|1.170026600|-0.081816230|
|    358|1.167629760|1.166918471|-0.040749691|
|    360|1.162350206|1.162350206|-0.000000000|
